129991
129992
129993
129994
129996
129997
129998
129999
130000
130001
130002
130005
130006
130008
130010
130011
130012
130013
130015
130016
130017
130018
130019
130021
130022
130023
130025
130027
130029
130030
130031
130033
130034
130035
130038
130039
130041
130042
130043
130044
130045
130046
130047
130048
130049
130050
130051
130053
130054
130055
130056
130057
130058
130059
130061
130062
130063
130067
130068
130069
130070
130071
130072
130074
130075
130076
130077
130078
130080
130081
130082
130083
130084
130085
130086
130087
130088
130089
130091
130092
130094
130096
130098
130099
130100
130101
130102
130103
130104
130105
130106
130108
130109
130110
130112
130116
130117
130118
130119
130120
130121
130122
130123
130126
130128
130129
130130
130132
130133
130134
130135
130137
130138
130140
130141
130142
130143
130145
130146
130147
130148
130149
130150
130153
130155
130156
130157
130159
130160
130161
130162
130163
130164
130165
130168
130169
130171
130172
130173
130175
130176
130181
130183
130184
130185
130187
130188
130189
130190
130191
130192
130193
130194
130195
130198
130199
130200
130201
130202
130204
130205
130207
130209
130210
130212
130215
130216
130217
130218
130219
130220
130221
130222
130223
130224
130225
130227
130230
130231
130232
130233
130234
130235
130237
130239
130240
130241
130242
130243
130244
130245
130246
130247
130248
130251
130252
130253
130255
130256
130257
130260
130261
130262
130263
130265
130267
130268
130269
130270
130271
130272
130274
130275
130276
130277
130278
130279
130281
130282
130283
130284
130285
130286
130287
130288
130291
130292
130293
130295
130298
130299
130300
130301
130302
130304
130306
130307
130308
130309
130310
130312
130313
130314
130315
130316
130317
130318
130319
130320
130323
130324
130325
130326
130328
130330
130331
130332
130333
130334
130335
130337
130339
130340
130342
130343
130344
130346
130347
130348
130349
130350
130351
130353
130354
130355
130356
130359
130360
130361
130362
130364
130366
130367
130368
130369
130371
130373
130374
130375
130376
130377
130378
130379
130381
130382
130383
130384
130385
130386
130387
